201126503
201182911
201197348
201231940
201238110
201238163
201239401
201264302
201577112
201596733
201650711
201683540
201717159
201785059
203099398
203710387
204888276
205040048
205064326
205152172
205947214
205996447
206032309
206042996
206056433
206215704
206298289
206312951
211314705
211331236
211357309
211383821
211428897
211509553
211579112
211586387
211685045
211770795
211783206
211924657
211965883
211969807
211995325
211995398
212006344
212069861
212088059
212152341
212154564
212161956
212351026
212443973
212454422
212563850
212592101
212712473
212796016
